546
86
6.9
7.1
5.6
10.0
8.8
6.4
8.5
5.0
5.4
6.6
8.1
7.3
5.1
9.3
9.9
9.1
8.8
8.1
9.9
8.6
7.8
8.2
8.0
6.6
7.5
9.8
7.9
8.2
6.4
6.2
7.6
6.7
8.9
5.0
8.9
6.1
6.9
9.1
5.4
8.5
8.9
7.3
7.6
6.7
7.5
5.9
5.1
7.4
6.8
9.6
7.7
9.2
7.8
7.5
5.9
6.6
9.5
7.3
5.2
9.8
5.5
9.3
8.1
7.3
9.8
5.6
7.4
8.5
6.7
7.8
7.4
9.8
8.5
9.6
6.5
9.3
9.1
7.2
9.0
8.3
9.0
5.3
7.9
7.1
9.6
7.4
7.4
6.9
7.6
8.4
5.7
6.6
8.9
7.8
5.4
6.3
5.2
5.4
6.9
6.7
7.5
7.7
8.0
5.2
5.5
9.5
6.4
8.3
6.3
6.7
7.8
5.9
6.5
10.0
6.5
5.6
8.6
9.0
6.4
7.6
5.8
8.0
6.0
5.9
9.0
6.8
6.3
6.5
9.7
7.1
9.6
7.9
6.1
6.4
7.5
6.5
8.5
6.0
6.0
6.5
8.5
7.0
9.7
9.6
7.7
8.3
6.8
7.5
9.7
5.2
7.4
6.9
6.0
9.7
6.7
8.1
5.0
5.4
9.6
7.6
7.6
5.2
7.6
10.0
5.7
6.7
6.3
8.0
9.2
7.4
5.4
5.9