1253651
68
7.8
8.0
8.6
9.1
9.1
8.7
5.0
7.3
6.7
7.5
8.0
8.4
5.9
6.2
5.3
9.4
7.4
9.1
7.6
7.7
8.9
6.6
8.3
5.3
8.8
5.0
5.2
5.9
7.2
8.1
9.1
5.5
9.9
8.6
9.7
6.6
9.4
9.5
6.3
8.8
5.1
9.8
9.2
5.3
9.6
5.8
8.2
7.2
6.9
8.5
6.1
7.5
7.9
5.3
5.1
7.3
6.1
6.5
6.1
8.6
7.7
7.0
9.3
5.4
10.0
10.0
9.7
9.6
8.4
8.1
9.9
8.0
8.6
6.0
9.9
7.7
7.2
7.4
10.0
6.9
8.7
7.2
7.3
7.6
8.7
5.1
5.5
8.8
7.3
9.0
8.0
9.0
7.0
7.1
6.4
6.8
6.0
6.9
9.1
6.0
5.3
8.8
9.8
6.6
8.2
7.3
9.3
6.3
9.8
9.4
7.2
6.9
7.6
5.5
9.4
5.9
5.3
9.8
8.1
8.6
9.0
6.3
8.8
7.3
7.7
7.6
9.4
8.1
9.6
6.1
5.4
7.3
6.6
6.4
5.7
8.2